4
9
19
38
76
153
50
100
200
144
33
66
132
9
19
38
76
153
50
100
200
144
33
66
132
9
19
38
76
153
50
100
200
144
33
66
132
9
19
38
76
153
50
100
200
144
33
66
132
9
19
38
76
153
50
100
200
144
33
66
132
9
19
38
76
153
50
100
200
144
33
66
132
9
19
38
76
153
50
100
200
144
33
66
132
9
19
38
76
153
50
100
200
144
33
66
132
9
19
38
76
153
50
100
200
144
33
66
132
9
19
38
76
153
50
100
200
144
33
66
132
9
19
38
76
153
50
100
200
144
33
66
132
9
19
38
76
153
50
100
200
144
33
66
132
9
19
38
76
153
50
100
200
144
33
66
132
9
19
38
76
153
50
100
200
144
33
66
132
9
19
38
76
153
50
100
200
144
33
66
132
9
19
38
76
153
50
100
200
144
33
66
132
9
19
38
76
153
50
100
200
144
33
66
132
9
19
38
76
153
50
100
200
144
33
66
132
9
19
38
76
153
50
100
200
144
33
66
132
9
19
38
76
153
50
100
200
144
33
66
132
9
19
38
76
153
50
100
200
144
33
66
132
9
19
38
4
9
19
38
76
153
50
100
200
144
33
66
132
9
19
38
76
153
50
100
200
144
33
66
132
9
19
38
76
153
50
100
200
144
33
66
132
9
19
38
76
153
50
100
200
144
33
66
132
9
19
38
76
153
50
100
200
144
33
66
132
9
19
38
76
153
50
100
200
144
33
66
132
9
19
38
76
153
50
100
200
144
33
66
132
9
19
38
76
153
50
100
200
144
33
66
132
9
19
38
76
153
50
100
200
144
33
66
132
9
19
38
76
153
50
100
200
144
33
66
132
9
19
38
76
153
50
100
200
144
33
66
132
9
19
38
76
153
50
100
200
144
33
66
132
9
19
38
76
153
50
100
200
144
33
66
132
9
19
38
76
153
50
100
200
144
33
66
132
9
19
38
76
153
50
100
200
144
33
66
132
9
19
38
76
153
50
100
200
144
33
66
132
9
19
38
76
153
50
100
200
144
33
66
132
9
19
38
76
153
50
100
200
144
33
66
132
9
19
38
76
153
50
100
200
144
33
66
132
9
19
38
76
153
50
100
200
144
33
66
132
9
19
38
76
153
50
100
200
144
33
66
132
9
19
38
