4
8
16
32
64
128
140
148
164
196
4
8
16
32
64
128
140
148
164
196
4
8
16
32
64
128
140
148
164
196
4
8
16
32
64
128
140
148
164
196
4
8
16
32
64
128
140
148
164
196
4
8
16
32
64
128
140
148
164
196
4
8
16
32
64
128
140
148
164
196
4
8
16
32
64
128
140
148
164
196
4
8
16
32
64
128
140
148
164
196
4
8
16
32
64
128
140
148
164
196
4
8
16
32
64
128
140
148
164
196
4
8
16
32
64
128
140
148
164
196
4
8
16
32
64
128
140
148
164
196
4
8
16
32
64
128
140
148
164
196
4
8
16
32
64
128
140
148
164
196
4
8
16
32
64
128
140
148
164
196
4
8
16
32
64
128
140
148
164
196
4
8
16
32
64
128
140
148
164
196
4
8
16
32
64
128
140
148
164
196
4
8
16
32
64
128
140
148
164
196
4
8
16
32
64
128
140
148
164
196
4
8
16
32
64
128
140
148
164
196
4
8
16
32
64
128
140
148
164
196
4
8
16
32
64
128
140
148
164
196
4
8
16
32
64
128
140
148
164
196
4
8
16
32
64
128
4
8
16
32
64
128
140
148
164
196
4
8
16
32
64
128
142
140
148
164
196
4
8
16
32
64
128
140
148
164
196
4
8
16
32
64
128
140
148
164
196
4
8
16
32
64
128
140
148
164
196
4
8
16
32
64
128
140
148
164
196
4
8
16
32
64
128
140
148
164
196
4
8
16
32
64
128
140
148
164
196
4
8
16
32
64
128
140
148
164
196
4
8
16
32
64
128
140
148
164
196
4
8
16
32
64
128
140
148
164
196
4
8
16
32
64
128
140
148
164
196
4
8
16
32
64
128
140
148
164
196
4
8
16
32
64
128
140
148
164
196
4
8
16
32
64
128
140
148
164
196
4
8
16
32
64
128
140
148
164
196
4
8
16
32
64
128
140
148
164
196
4
8
16
32
64
128
140
148
164
196
4
8
16
32
64
128
140
148
164
196
4
8
16
32
64
128
140
148
164
196
4
8
16
32
64
128
140
148
164
196
4
8
16
32
64
128
140
148
164
196
4
8
16
32
64
128
140
148
164
196
4
8
16
32
64
128
140
148
164
196
4
8
16
32
64
128
140
148
164
196
4
8
16
32
64
128
